19/03/2020 - 23:20:18
Pre order:  [13] [12] [0] [-1] [-9] [6] [20] [16] [19] [54] [35] [30] [24] [34] [45] [66] 
In order:   [-9] [-1] [0] [6] [12] [13] [16] [19] [20] [24] [30] [34] [35] [45] [54] [66] 
Post order: [-9] [-1] [6] [0] [12] [19] [16] [24] [34] [30] [45] [35] [66] [54] [20] [13] 

19/03/2020 - 23:44:58
Pre order:  [27] [3] [-17] [-25] [-7] [-10] [19] [9] [14] [15] [36] [32] [29] [48] [37] [46] [51] 
In order:   [-25] [-17] [-10] [-7] [3] [9] [14] [15] [19] [27] [29] [32] [36] [37] [46] [48] [51] 
Post order: [-25] [-10] [-7] [-17] [15] [14] [9] [19] [3] [29] [32] [46] [37] [51] [48] [36] [27] 

19/03/2020 - 23:47:52
Pre order:  [30] [5] [-5] [-15] [25] [22] [18] [11] [44] [35] [34] [67] [46] [47] [62] 
In order:   [-15] [-5] [5] [11] [18] [22] [25] [30] [34] [35] [44] [46] [47] [62] [67] 
Post order: [-15] [-5] [11] [18] [22] [25] [5] [34] [35] [62] [47] [46] [67] [44] [30] 

